2
60
50
15
1 81 5 6 21 26 27 28 29 37 45 51 55 56
1 236 6 12 13 21 26 28 37 45 49 51 55 58
1 71 5 6 12 21 27 28 37 45 49 55 56 58
2 218 1 6 11 12 13 14 16 19 20 26 30 34 35 37 42 43 47 53 58
2 297 6 8 10 11 12 13 14 16 23 30 34 37 42 43 44 47 53 56 58
2 167 6 8 10 11 12 13 14 16 20 26 29 30 34 35 43 44 47 56 58
3 200 2 3 4 6 7 9 10 11 13 15 16 17 19 20 22 23 24 25 26 27 28 29 32 33 34 35 36 37 38 40 41 44 45 46 47 48 50 52 53 54 56 59 60
3 167 1 2 3 4 5 6 7 10 14 15 16 17 18 19 20 21 22 23 25 26 27 29 33 35 36 37 38 40 41 43 44 45 46 47 49 50 51 52 53 55 57 58 59
3 162 3 4 5 7 8 9 10 11 12 13 14 15 16 19 20 22 23 25 27 28 29 31 32 33 34 35 36 37 43 44 45 46 47 48 49 50 52 53 54 55 57 59 60
4 448 1 3 5 6 8 9 10 12 13 14 15 17 18 19 20 21 22 23 24 27 30 33 35 36 37 38 39 41 42 43 44 45 46 47 48 50 51 52 53 54 58 59
4 450 1 2 3 4 5 6 8 11 12 13 15 16 17 19 20 22 23 24 27 28 29 30 32 33 34 35 37 39 41 42 43 46 47 48 50 52 53 54 55 56 58 59
4 491 1 3 4 5 6 9 10 12 13 14 15 18 23 24 25 26 27 28 30 32 33 35 36 37 38 39 41 42 43 44 45 46 47 48 50 51 52 53 55 56 57 59
4 495 1 2 3 4 5 6 9 12 13 14 16 17 19 20 21 22 23 26 27 28 32 33 34 35 36 37 38 39 41 42 43 44 45 46 48 49 51 54 55 57 58 59
5 454 8 21 37 55 56 57
5 512 3 21 33 37 55 56
5 470 3 8 33 37 55 56
5 419 8 21 33 37 55 57
6 841 1 3 4 8 9 10 12 14 16 17 20 21 24 26 30 34 35 36 39 45 46 49 50 54 56 59 60
6 715 1 3 8 9 10 12 14 16 17 20 21 24 26 32 33 34 35 37 38 46 47 49 50 52 54 59 60
6 749 1 3 5 8 9 10 12 16 17 20 21 22 24 26 27 32 34 35 38 39 45 46 47 49 54 59 60
6 688 3 8 9 10 14 16 20 21 22 24 26 27 30 32 33 34 35 36 37 39 45 49 50 54 56 59 60
6 705 1 3 4 8 10 12 14 16 17 20 21 22 24 27 32 33 34 35 37 38 39 46 49 52 56 59 60
7 800 2 3 4 5 15 17 21 22 26 27 36 37 45 48 49 55 58
7 721 2 3 4 5 9 15 17 20 22 27 36 45 48 49 55 56 57
7 758 2 3 4 9 17 21 22 26 27 36 45 48 49 55 56 57 58
7 719 2 3 4 5 9 15 20 21 26 27 31 37 48 49 56 57 58
8 790 2 3 7 8 10 11 12 13 14 15 17 25 26 27 29 33 35 38 41 42 45 46 47 48 49 51 52 53 55 56 57 58 59
9 967 1 3 7 12 13 15 16 17 19 23 29 31 33 37 38 40 41 43 45 49 51 54 58 60
9 953 1 3 10 13 14 15 16 18 27 31 37 38 40 41 42 43 45 49 51 54 57 58 59 60
9 892 1 3 7 10 13 14 15 17 19 23 27 29 37 38 39 40 41 45 49 51 54 57 58 59
9 975 3 7 10 12 15 16 17 18 23 27 31 33 37 38 39 41 42 45 49 51 54 58 59 60
10 909 1 19 26 27 34 35 36 39 44 54 57 59
10 900 1 14 17 23 26 27 35 39 44 54 57 58
10 951 1 17 19 23 26 27 35 36 39 44 57 59
10 979 1 14 19 23 26 27 34 35 36 39 44 57
10 931 1 14 17 19 23 26 27 34 36 54 57 59
11 1236 3 7 10 12 15 17 19 24 25 26 29 30 31 33 35 40 43 44 50 53 55 57 60
11 1271 3 6 7 12 15 18 23 24 25 26 29 30 31 34 43 44 49 50 52 53 55 57 60
12 1313 1 2 3 6 9 10 11 12 13 15 17 18 19 20 22 23 24 25 26 28 29 30 31 34 35 36 39 40 41 42 43 46 47 52 55 56 58 59 60
12 1314 1 2 3 4 8 9 11 12 13 15 17 18 20 21 22 23 24 27 30 31 32 34 35 36 37 38 39 40 42 43 46 47 48 49 50 51 56 58 60
12 1430 2 3 4 6 9 11 12 13 17 18 19 20 21 25 27 28 29 30 31 32 34 35 36 38 39 40 41 42 43 47 48 49 50 51 53 55 56 59 60
13 1352 3 5 6 9 10 11 12 17 18 19 23 24 25 26 28 29 31 32 33 34 35 38 39 42 43 45 47 48 51 52 56 59 60
13 1305 1 2 3 6 9 11 12 17 18 19 20 23 24 25 31 32 33 34 36 37 38 39 41 42 44 45 47 48 49 51 56 58 60
13 1321 1 2 3 5 6 10 12 19 20 23 24 25 26 28 29 30 31 32 33 35 37 39 41 43 44 47 48 49 51 54 58 59 60
14 1742 4 11 29 30 31 36 42 51 58
14 1699 11 30 34 36 38 39 42 51 58
14 1707 11 29 30 31 34 36 42 51 58
14 1746 29 30 34 36 38 39 42 51 58
15 3852 2 21 29 31 38 42 46 55
15 3785 2 20 21 29 38 42 46 58
