1
61
20
9
1 163 16 37 50
1 85 16 37 50
1 83 16 37 50
2 750 3 11 12 18 21 23 25 26 31 32 37 40 46 48 49 52 54 56 59 60
2 742 3 6 10 11 12 18 21 23 26 31 32 34 36 37 40 46 48 49 52 60
3 621 1 4 5 8 9 12 13 18 20 21 22 27 31 35 37 39 40 42 43 44 52 54 56 60 61
3 724 1 2 4 5 6 7 8 9 11 12 13 18 20 21 24 31 32 40 43 44 49 52 54 56 61
3 716 1 2 4 5 6 7 8 13 20 21 22 24 27 32 35 37 39 42 44 52 54 55 56 60 61
4 761 1 3 4 5 6 8 10 11 12 13 14 15 16 19 20 21 22 23 24 25 26 27 28 29 31 32 33 34 36 38 39 40 41 42 43 44 45 46 47 48 50 51 52 54 59
4 792 2 3 4 5 7 9 10 11 12 13 14 16 17 19 20 23 24 26 27 28 29 30 31 33 34 35 36 37 38 40 41 42 43 44 46 47 48 49 50 51 55 56 57 58 61
4 745 1 2 3 4 5 6 7 8 9 11 13 15 16 19 20 21 22 23 24 25 26 29 31 32 33 34 35 36 38 39 40 41 42 43 44 46 47 49 50 52 54 56 57 58 59
4 768 2 3 4 5 7 8 9 10 11 13 15 16 17 19 20 21 23 24 25 26 28 30 31 32 33 34 35 36 38 39 40 42 43 44 45 46 47 49 52 54 55 56 57 60 61
6 1235 1 8 32 51 56 60
6 1084 1 8 46 49 51 60
6 1091 32 46 49 51 56 60
7 1243 1 3 6 7 8 10 11 13 14 15 16 17 19 20 25 26 29 33 34 35 40 43 44 45 47 48 50 51 59 61
7 1084 1 3 7 8 9 10 12 14 16 17 19 20 28 29 33 34 35 40 41 43 44 45 47 48 50 52 54 57 58 61
8 1133 12 16 18 49 54 60
8 1139 12 16 18 34 54 60
8 1111 12 16 18 49 54 60
